 jumlah data output x =          34
   0.0000000000000000     
   3.0000000000000000     
   6.0000000000000000     
   9.0000000000000000     
   12.000000000000000     
   15.000000000000000     
   18.000000000000000     
   21.000000000000000     
   24.000000000000000     
   27.000000000000000     
   30.000000000000000     
   33.000000000000000     
   36.000000000000000     
   39.000000000000000     
   42.000000000000000     
   45.000000000000000     
   48.000000000000000     
   51.000000000000000     
   54.000000000000000     
   57.000000000000000     
   60.000000000000000     
   63.000000000000000     
   66.000000000000000     
   69.000000000000000     
   72.000000000000000     
   75.000000000000000     
   78.000000000000000     
   81.000000000000000     
   84.000000000000000     
   87.000000000000000     
   90.000000000000000     
   93.000000000000000     
   96.000000000000000     
   99.000000000000000     
